33 260
380.000
9725.942
12898.643
0.000
100.000
4252.847
500.000
510.000
9855.942
13018.643
50.000
200.000
4352.847
600.000
165.000
9760.942
315.000
91.000
4043.847
401.000
1340.000
940.000
540.000
260.000
660.000
1060.000
1460.000
295.000
195.000
185.000
106.000
176.000
726.000
1 7
1 6
1 8
1 17
1 15
1 5
1 9
1 10
1 16
1 2
1 3
1 4
2 7
2 9
2 16
2 10
2 1
2 17
2 3
2 4
2 5
2 6
3 7
3 6
3 5
3 4
3 2
3 17
3 1
3 10
4 7
4 6
4 5
4 3
4 1
4 2
4 11
5 7
5 6
5 4
5 2
5 18
5 1
5 3
5 12
6 7
6 13
6 4
6 2
6 19
6 12
6 3
6 18
6 1
6 5
7 6
7 5
7 4
7 14
7 12
7 3
7 20
7 1
7 13
7 18
7 19
7 2
8 14
8 13
8 1
8 10
8 15
8 16
8 17
8 18
8 9
8 11
8 12
9 14
9 13
9 2
9 11
9 16
9 1
9 10
9 17
9 18
9 8
9 12
10 14
10 13
10 3
10 12
10 17
10 18
10 8
10 1
10 2
10 11
10 9
11 14
11 12
11 10
11 8
11 9
11 13
11 4
12 14
12 5
12 10
12 18
12 8
12 6
12 7
12 9
12 11
12 13
13 14
13 6
13 11
13 9
13 7
13 18
13 19
13 8
13 10
13 12
14 13
14 7
14 12
14 10
14 18
14 8
14 19
14 20
14 9
14 11
15 16
15 17
15 8
15 1
16 15
16 17
16 8
16 1
16 9
16 2
17 3
17 10
17 1
17 2
17 8
17 9
17 15
17 16
18 14
18 12
18 6
18 5
18 7
18 19
18 8
18 20
18 9
18 10
18 13
19 20
19 18
19 14
19 7
19 13
19 6
20 19
20 18
20 14
20 7
21 27
21 28
21 29
21 30
21 31
21 22
21 23
21 24
21 25
21 26
22 27
22 26
22 25
22 24
22 23
22 21
22 31
22 30
22 29
23 27
23 26
23 25
23 24
23 22
23 21
23 31
23 30
24 27
24 26
24 25
24 23
24 21
24 22
25 27
25 26
25 24
25 22
25 21
25 31
25 23
26 27
26 25
26 23
26 21
26 31
26 22
26 32
26 24
27 26
27 24
27 22
27 32
27 21
27 31
27 23
27 33
27 25
28 29
28 30
28 21
29 28
29 30
29 21
29 22
30 29
30 28
30 22
30 21
30 23
31 25
31 32
31 21
31 33
31 22
31 23
31 26
31 27
32 33
32 31
32 27
32 26
33 32
33 31
33 27
